0 0 -7.486166 6.773449
0 0 -7.132447 0
0 0 -7.132447 0
0 0 -6.773449 0
0 0 -6.773449 0
0 0 -6.773449 0
0 0 -6.773449 -0.3537187
0 0 0 -0.7127168
0 0 0 -0.7127168
0 0 0 -1.425434
0 0 0 -2.13815
0 0 0 -2.13815
0 0 0.3537187 -3.563584
0 0 0.7127168 -4.635299
0 0 0.7127168 -4.635299
0 0 1.425434 -6.419731
0 0 2.13815 -7.845164
0 0 2.13815 -7.845164
0 0 3.563584 -8.557881
0 0 4.635299 -8.916879
0 0 4.635299 -8.916879
0 0 6.419731 -9.270597
0 0 7.486166 -9.629596
0 0 7.486166 -9.629596
0 0 8.204163 -9.629596
0 0 8.916879 -9.629596
0 0 8.916879 -9.629596
0 0 9.270597 -9.270597
0 0 9.270597 -9.270597
0 0 9.270597 -9.270597
0 0 9.270597 -9.270597
0 0 9.270597 -8.916879
0 0 9.270597 -8.916879
0 0 9.270597 -8.557881
0 0 9.270597 -8.204163
0 0 9.270597 -8.204163
0 0 8.916879 -7.845164
0 0 8.557881 -7.486166
0 0 8.557881 -7.486166
0 0 8.557881 -7.132447
0 0 8.204163 -6.773449
0 0 8.204163 -6.773449
0 0 7.845164 -6.773449
0 0 7.132447 -6.773449
0 0 7.132447 -6.773449
0 0 7.132447 0
0 0 6.773449 0.3537187
0 0 6.773449 0.3537187
0 0 6.773449 0.3537187
0 0 6.773449 0.7127168
0 0 6.773449 0.7127168
0 0 0 1.066435
0 0 -0.3537187 2.13815
0 0 -0.3537187 2.13815
0 0 -0.3537187 2.850867
0 0 -0.7127168 3.922582
0 0 -0.7127168 3.922582
0 0 -1.425434 5.707014
0 0 -2.13815 6.773449
0 0 -2.13815 6.773449
0 0 -3.209865 7.845164
0 0 -4.635299 8.204163
0 0 -4.635299 8.204163
0 0 -6.060732 8.916879
0 0 -7.486166 8.916879
0 0 -7.486166 8.916879
0 0 -8.204163 8.916879
0 0 -8.916879 8.916879
0 0 -8.916879 8.916879
0 0 -9.270597 8.916879
0 0 -9.270597 8.916879
0 0 -9.270597 8.916879
0 0 -9.270597 8.557881
0 0 -9.270597 8.557881
0 0 -9.270597 8.557881
0 0 -9.270597 8.204163
0 0 -9.270597 7.845164
0 0 -9.270597 7.845164
0 0 -8.916879 7.486166
0 0 -8.916879 7.132447
0 0 -8.916879 7.132447
0 0 -8.557881 6.773449
0 0 -8.204163 6.773449
0 0 -8.204163 6.773449
0 0 -7.845164 6.773449
0 0 -7.486166 0
0 0 -7.486166 0
0 0 -7.132447 0
0 0 -7.132447 0
0 0 -7.132447 0
0 0 -7.132447 -0.3537187
0 0 -7.132447 -0.7127168
0 0 -7.132447 -0.7127168
0 0 0 -1.425434
0 0 0 -2.13815
0 0 0 -2.13815
0 0 0.3537187 -3.563584
0 0 0.7127168 -4.635299
0 0 0.7127168 -4.635299
0 0 1.066435 -6.419731
0 0 1.779152 -7.486166
0 0 1.779152 -7.486166
0 0 2.850867 -8.557881
0 0 4.276301 -8.916879
0 0 4.276301 -8.916879
0 0 5.707014 -9.270597
0 0 7.132447 -9.270597
0 0 7.132447 -9.270597
0 0 7.845164 -9.270597
0 0 8.204163 -9.270597
0 0 8.204163 -9.270597
0 0 8.557881 -9.270597
0 0 8.916879 -9.270597
0 0 8.916879 -9.270597
0 0 8.916879 -8.916879
0 0 8.916879 -8.916879
0 0 8.916879 -8.916879
0 0 8.916879 -8.557881
0 0 8.916879 -8.204163
0 0 8.916879 -8.204163
0 0 8.557881 -7.845164
0 0 8.557881 -7.486166
0 0 8.557881 -7.486166
0 0 8.204163 -7.132447
0 0 7.845164 -6.773449
0 0 7.845164 -6.773449
0 0 7.486166 -6.773449
0 0 7.132447 -6.773449
0 0 7.132447 -6.773449
0 0 6.773449 0
0 0 6.773449 0.3537187
0 0 6.773449 0.3537187
0 0 6.773449 0.3537187
0 0 6.773449 0.7127168
0 0 6.773449 0.7127168
0 0 0 1.066435
0 0 -0.3537187 1.779152
0 0 -0.3537187 1.779152
0 0 -0.3537187 2.850867
0 0 -0.7127168 3.922582
0 0 -0.7127168 3.922582
0 0 -1.425434 5.348016
0 0 -2.13815 6.773449
0 0 -2.13815 6.773449
0 0 -2.850867 7.845164
0 0 -4.276301 8.204163
0 0 -4.276301 8.204163
0 0 -5.707014 8.557881
0 0 -7.132447 8.916879
0 0 -7.132447 8.916879
0 0 -7.845164 8.916879
0 0 -8.557881 8.916879
0 0 -8.557881 8.916879
0 0 -8.916879 8.916879
0 0 -8.916879 8.557881
0 0 -8.916879 8.557881
0 0 -8.916879 8.557881
0 0 -8.916879 8.557881
0 0 -8.916879 8.557881
0 0 -8.916879 8.204163
0 0 -8.916879 7.845164
0 0 -8.916879 7.845164
0 0 -8.916879 7.486166
0 0 -8.557881 7.132447
0 0 -8.557881 7.132447
0 0 -8.204163 7.132447
0 0 -7.845164 6.773449
0 0 -7.845164 6.773449
0 0 -7.486166 6.773449
0 0 -7.132447 0
0 0 -7.132447 0
0 0 -7.132447 0
0 0 -6.773449 0
0 0 -6.773449 0
0 0 -6.773449 -0.3537187
0 0 0 -0.7127168
0 0 0 -0.7127168
0 0 0 -1.066435
0 0 0 -2.13815
0 0 0 -2.13815
0 0 0.3537187 -3.209865
0 0 0.7127168 -4.276301
0 0 0.7127168 -4.276301
0 0 1.425434 -6.060732
0 0 2.13815 -7.486166
0 0 2.13815 -7.486166
0 0 2.850867 -8.204163
0 0 4.276301 -8.557881
0 0 4.276301 -8.557881
0 0 5.348016 -8.916879
0 0 6.773449 -9.270597
0 0 6.773449 -9.270597
0 0 7.845164 -9.270597
0 0 8.204163 -9.270597
0 0 8.204163 -9.270597
0 0 8.557881 -9.270597
0 0 8.916879 -8.916879
0 0 8.916879 -8.916879
0 0 8.916879 -8.916879
0 0 8.916879 -8.557881
0 0 8.916879 -8.557881
0 0 8.557881 -8.204163
0 0 8.557881 -7.845164
0 0 8.557881 -7.845164
0 0 8.557881 -7.486166
0 0 8.204163 -7.132447
0 0 8.204163 -7.132447
0 0 7.845164 -7.132447
0 0 7.486166 -6.773449
0 0 7.486166 -6.773449
0 0 7.132447 -6.773449
0 0 6.773449 -6.773449
0 0 6.773449 -6.773449
0 0 6.773449 0
0 0 6.419731 0.3537187
0 0 6.419731 0.3537187
0 0 6.419731 0.3537187
0 0 0 0.7127168
0 0 0 0.7127168
0 0 0 1.425434
0 0 -0.3537187 2.13815
0 0 -0.3537187 2.13815
0 0 -0.3537187 3.209865
0 0 -0.7127168 4.635299
0 0 -0.7127168 4.635299
0 0 -1.425434 6.060732
0 0 -2.13815 7.486166
0 0 -2.13815 7.486166
0 0 -3.209865 8.204163
0 0 -4.276301 8.916879
0 0 -4.276301 8.916879
0 0 -5.707014 9.270597
0 0 -7.132447 9.270597
0 0 -7.132447 9.270597
0 0 -8.204163 9.270597
0 0 -8.557881 9.270597
0 0 -8.557881 9.270597
0 0 -8.916879 9.270597
0 0 -9.270597 9.270597
0 0 -9.270597 9.270597
0 0 -9.270597 8.916879
0 0 -9.270597 8.916879
0 0 -9.270597 8.916879
0 0 -9.270597 8.557881
0 0 -8.916879 8.204163
0 0 -8.916879 8.204163
0 0 -8.916879 7.845164
0 0 -8.557881 7.486166
0 0 -8.557881 7.486166
0 0 -8.557881 7.132447
0 0 -7.845164 6.773449
0 0 -7.845164 6.773449
0 0 -7.486166 6.773449
0 0 -7.132447 6.773449
0 0 -7.132447 6.773449
0 0 -7.132447 0
0 0 -6.773449 0
0 0 -6.773449 0
0 0 -6.773449 -0.3537187
0 0 -6.773449 -0.3537187
0 0 -6.773449 -0.3537187
0 0 0 -1.066435
0 0 0 -1.779152
0 0 0 -1.779152
0 0 0 -2.850867
0 0 0.3537187 -3.922582
0 0 0.3537187 -3.922582
0 0 1.066435 -5.348016
0 0 1.779152 -6.419731
0 0 1.779152 -6.419731
0 0 2.850867 -7.486166
0 0 3.922582 -8.204163
0 0 3.922582 -8.204163
0 0 5.348016 -8.557881
0 0 6.773449 -8.557881
0 0 6.773449 -8.557881
0 0 7.486166 -8.557881
0 0 8.204163 -8.557881
0 0 8.204163 -8.557881
0 0 8.557881 -8.557881
0 0 8.557881 -8.557881
0 0 8.557881 -8.557881
0 0 8.916879 -8.204163
0 0 8.916879 -8.204163
0 0 8.916879 -8.204163
0 0 8.557881 -7.845164
0 0 8.557881 -7.486166
0 0 8.557881 -7.486166
0 0 8.557881 -7.132447
0 0 8.204163 -6.773449
0 0 8.204163 -6.773449
0 0 7.845164 -6.419731
0 0 7.486166 -6.419731
0 0 7.486166 -6.419731
0 0 7.486166 -6.419731
0 0 7.132447 0
0 0 7.132447 0
0 0 6.773449 0.3537187
0 0 6.773449 0.3537187
0 0 6.773449 0.3537187
0 0 6.773449 0.3537187
0 0 6.773449 1.066435
0 0 6.773449 1.066435
0 0 -0.3537187 1.779152
0 0 -0.3537187 2.491869
0 0 -0.3537187 2.491869
0 0 -0.3537187 3.209865
0 0 -1.066435 4.635299
0 0 -1.066435 4.635299
0 0 -1.779152 5.707014
0 0 -2.491869 6.773449
0 0 -2.491869 6.773449
0 0 -3.563584 7.486166
0 0 -4.989017 7.845164
0 0 -4.989017 7.845164
0 0 -6.060732 8.204163
0 0 -7.132447 8.204163
0 0 -7.132447 8.204163
0 0 -7.845164 8.204163
0 0 -8.204163 8.204163
0 0 -8.204163 8.204163
0 0 -8.204163 7.845164
0 0 -8.557881 7.845164
0 0 -8.557881 7.845164
0 0 -8.557881 7.486166
0 0 -8.204163 7.486166
0 0 -8.204163 7.486166
0 0 -8.204163 7.132447
0 0 -8.204163 6.773449
0 0 -8.204163 6.773449
14.99873 14.99873 -7.845164 6.419731
14.99873 14.99873 -7.486166 6.419731
14.99873 14.99873 -7.486166 6.419731
14.99873 14.99873 -7.132447 6.419731
14.99873 14.99873 -7.132447 6.419731
14.99873 14.99873 -7.132447 6.419731
14.99873 14.99873 -6.773449 0
14.99873 14.99873 -6.773449 0
14.99873 14.99873 -6.773449 0
14.99873 14.99873 -6.773449 0
14.99873 14.99873 -6.773449 0
14.99873 14.99873 -6.773449 0
14.99873 14.99873 0 -0.3537187
14.99873 14.99873 0 -0.3537187
14.99873 14.99873 0 -0.3537187
14.99873 14.99873 0.3537187 -0.3537187
14.99873 14.99873 0.7127168 -0.3537187
14.99873 14.99873 0.7127168 -0.3537187
14.99873 14.99873 1.425434 -0.7127168
14.99873 14.99873 2.13815 -0.7127168
14.99873 14.99873 2.13815 -0.7127168
14.99873 14.99873 3.563584 -0.7127168
14.99873 14.99873 4.635299 -0.7127168
14.99873 14.99873 4.635299 -0.7127168
14.99873 14.99873 6.419731 -0.7127168
14.99873 14.99873 8.204163 -0.7127168
14.99873 14.99873 8.204163 -0.7127168
14.99873 14.99873 9.270597 0
14.99873 14.99873 10.70131 0.3537187
14.99873 14.99873 10.70131 0.3537187
14.99873 14.99873 11.76775 0.3537187
14.99873 14.99873 13.19846 0.7127168
14.99873 14.99873 13.19846 0.7127168
14.99873 14.99873 14.26489 1.425434
14.99873 14.99873 15.33661 1.779152
14.99873 14.99873 15.33661 1.779152
14.99873 14.99873 16.40833 2.850867
14.99873 14.99873 17.47476 4.276301
14.99873 14.99873 17.47476 4.276301
14.99873 14.99873 18.54647 5.707014
14.99873 14.99873 19.25919 7.486166
14.99873 14.99873 19.25919 7.486166
14.99873 14.99873 20.33091 8.916879
14.99873 14.99873 20.68463 9.983315
14.99873 14.99873 20.68463 9.983315
14.99873 14.99873 21.04362 11.41403
14.99873 14.99873 21.04362 12.48046
14.99873 14.99873 21.04362 12.48046
14.99873 14.99873 21.04362 13.91118
14.99873 14.99873 21.04362 14.97761
14.99873 14.99873 21.04362 14.97761
14.99873 14.99873 21.04362 16.04933
14.99873 14.99873 21.04362 17.12104
14.99873 14.99873 21.04362 17.12104
14.99873 14.99873 21.04362 18.18748
14.99873 14.99873 20.68463 18.90547
14.99873 14.99873 20.68463 18.90547
14.99873 14.99873 20.68463 19.97191
14.99873 14.99873 20.33091 20.33091
14.99873 14.99873 20.33091 20.33091
14.99873 14.99873 19.61819 20.68463
14.99873 14.99873 18.90547 21.04362
14.99873 14.99873 18.90547 21.04362
14.99873 14.99873 18.18748 21.04362
14.99873 14.99873 17.12104 21.04362
14.99873 14.99873 17.12104 21.04362
14.99873 14.99873 16.04933 21.04362
14.99873 14.99873 15.33661 21.04362
14.99873 14.99873 15.33661 21.04362
14.99873 14.99873 14.26489 20.68463
14.99873 14.99873 13.19846 20.68463
14.99873 14.99873 13.19846 20.68463
14.99873 14.99873 12.48046 20.33091
14.99873 14.99873 11.41403 19.97191
14.99873 14.99873 11.41403 19.97191
14.99873 14.99873 10.70131 19.61819
14.99873 14.99873 9.983315 18.90547
14.99873 14.99873 9.983315 18.90547
14.99873 14.99873 9.270597 17.83376
14.99873 14.99873 8.557881 16.76204
14.99873 14.99873 8.557881 16.76204
14.99873 14.99873 8.204163 16.04933
14.99873 14.99873 7.845164 14.97761
14.99873 14.99873 7.845164 14.97761
14.99873 14.99873 7.486166 13.91118
14.99873 14.99873 7.486166 13.19846
14.99873 14.99873 7.486166 13.19846
14.99873 14.99873 7.132447 12.12674
14.99873 14.99873 7.132447 11.41403
14.99873 14.99873 7.132447 11.41403
14.99873 14.99873 7.132447 10.34231
14.99873 14.99873 7.132447 9.983315
14.99873 14.99873 7.132447 9.983315
14.99873 14.99873 7.486166 9.270597
14.99873 14.99873 7.845164 8.557881
14.99873 14.99873 7.845164 8.557881
14.99873 14.99873 8.204163 8.204163
14.99873 14.99873 9.270597 7.845164
14.99873 14.99873 9.270597 7.845164
14.99873 14.99873 10.34231 7.845164
14.99873 14.99873 11.41403 7.486166
14.99873 14.99873 11.41403 7.486166
14.99873 14.99873 12.48046 7.486166
14.99873 14.99873 13.91118 7.486166
14.99873 14.99873 13.91118 7.486166
14.99873 14.99873 14.97761 7.486166
14.99873 14.99873 16.04933 7.845164
14.99873 14.99873 16.04933 7.845164
14.99873 14.99873 17.12104 8.204163
14.99873 14.99873 18.18748 8.557881
14.99873 14.99873 18.18748 8.557881
14.99873 14.99873 18.90547 9.270597
14.99873 14.99873 19.61819 10.34231
14.99873 14.99873 19.61819 10.34231
14.99873 14.99873 20.33091 11.41403
14.99873 14.99873 20.33091 12.83946
14.99873 14.99873 20.33091 12.83946
14.99873 14.99873 20.33091 13.91118
14.99873 14.99873 20.68463 14.97761
14.99873 14.99873 20.68463 14.97761
14.99873 14.99873 20.68463 16.04933
14.99873 14.99873 20.68463 17.12104
14.99873 14.99873 20.68463 17.12104
14.99873 14.99873 20.33091 18.18748
14.99873 14.99873 20.33091 19.25919
14.99873 14.99873 20.33091 19.25919
14.99873 14.99873 20.33091 19.97191
14.99873 14.99873 19.97191 20.68463
14.99873 14.99873 19.97191 20.68463
14.99873 14.99873 19.61819 21.04362
14.99873 14.99873 18.90547 21.04362
14.99873 14.99873 18.90547 21.04362
14.99873 14.99873 18.18748 21.04362
14.99873 14.99873 17.12104 21.04362
14.99873 14.99873 17.12104 21.04362
14.99873 14.99873 16.04933 21.04362
14.99873 14.99873 15.33661 21.04362
14.99873 14.99873 15.33661 21.04362
14.99873 14.99873 14.26489 21.04362
14.99873 14.99873 13.19846 21.04362
14.99873 14.99873 13.19846 21.04362
14.99873 14.99873 12.48046 20.68463
14.99873 14.99873 11.41403 20.33091
14.99873 14.99873 11.41403 20.33091
14.99873 14.99873 10.70131 19.97191
14.99873 14.99873 9.629596 18.90547
14.99873 14.99873 9.629596 18.90547
14.99873 14.99873 9.270597 18.18748
14.99873 14.99873 8.557881 17.12104
14.99873 14.99873 8.557881 17.12104
14.99873 14.99873 8.204163 16.04933
14.99873 14.99873 7.845164 15.33661
14.99873 14.99873 7.845164 15.33661
14.99873 14.99873 7.486166 14.26489
14.99873 14.99873 7.132447 13.19846
14.99873 14.99873 7.132447 13.19846
14.99873 14.99873 7.132447 12.12674
14.99873 14.99873 7.132447 11.41403
14.99873 14.99873 7.132447 11.41403
14.99873 14.99873 7.132447 10.70131
14.99873 14.99873 7.132447 9.983315
14.99873 14.99873 7.132447 9.983315
14.99873 14.99873 7.486166 9.270597
14.99873 14.99873 7.845164 8.557881
14.99873 14.99873 7.845164 8.557881
14.99873 14.99873 8.204163 8.204163
14.99873 14.99873 9.270597 7.845164
14.99873 14.99873 9.270597 7.845164
14.99873 14.99873 9.983315 7.486166
14.99873 14.99873 11.41403 7.132447
14.99873 14.99873 11.41403 7.132447
14.99873 14.99873 12.48046 7.132447
14.99873 14.99873 13.55218 7.132447
14.99873 14.99873 13.55218 7.132447
14.99873 14.99873 14.62389 7.132447
14.99873 14.99873 16.04933 7.132447
14.99873 14.99873 16.04933 7.132447
14.99873 14.99873 17.12104 7.132447
14.99873 14.99873 18.18748 7.845164
14.99873 14.99873 18.18748 7.845164
14.99873 14.99873 18.90547 8.204163
14.99873 14.99873 19.61819 8.916879
14.99873 14.99873 19.61819 8.916879
14.99873 14.99873 19.97191 10.34231
14.99873 14.99873 20.33091 11.41403
14.99873 14.99873 20.33091 11.41403
14.99873 14.99873 20.33091 12.48046
14.99873 14.99873 20.33091 13.55218
14.99873 14.99873 20.33091 13.55218
14.99873 14.99873 20.33091 14.97761
14.99873 14.99873 20.33091 16.04933
14.99873 14.99873 20.33091 16.04933
14.99873 14.99873 20.33091 17.12104
14.99873 14.99873 20.33091 18.18748
14.99873 14.99873 20.33091 18.18748
14.99873 14.99873 19.97191 18.90547
14.99873 14.99873 19.97191 19.61819
14.99873 14.99873 19.97191 19.61819
14.99873 14.99873 19.25919 20.33091
14.99873 14.99873 18.90547 20.33091
14.99873 14.99873 18.90547 20.33091
14.99873 14.99873 17.83376 20.68463
14.99873 14.99873 17.12104 20.68463
14.99873 14.99873 17.12104 20.68463
14.99873 14.99873 16.04933 20.68463
14.99873 14.99873 14.97761 20.68463
14.99873 14.99873 14.97761 20.68463
14.99873 14.99873 13.91118 20.68463
14.99873 14.99873 13.19846 20.33091
14.99873 14.99873 13.19846 20.33091
14.99873 14.99873 12.12674 20.33091
14.99873 14.99873 11.41403 19.97191
14.99873 14.99873 11.41403 19.97191
14.99873 14.99873 10.70131 19.61819
14.99873 14.99873 9.629596 18.90547
14.99873 14.99873 9.629596 18.90547
14.99873 14.99873 9.270597 18.18748
14.99873 14.99873 8.557881 17.12104
14.99873 14.99873 8.557881 17.12104
14.99873 14.99873 8.204163 16.40833
14.99873 14.99873 8.204163 15.33661
14.99873 14.99873 8.204163 15.33661
14.99873 14.99873 7.845164 14.26489
14.99873 14.99873 7.845164 13.19846
14.99873 14.99873 7.845164 13.19846
14.99873 14.99873 7.845164 12.48046
14.99873 14.99873 7.845164 11.41403
14.99873 14.99873 7.845164 11.41403
14.99873 14.99873 7.845164 10.70131
14.99873 14.99873 7.845164 9.983315
14.99873 14.99873 7.845164 9.983315
14.99873 14.99873 8.204163 9.270597
14.99873 14.99873 8.916879 8.557881
14.99873 14.99873 8.916879 8.557881
14.99873 14.99873 9.629596 8.204163
14.99873 14.99873 10.70131 7.845164
14.99873 14.99873 10.70131 7.845164
14.99873 14.99873 11.76775 7.486166
14.99873 14.99873 12.83946 7.486166
14.99873 14.99873 12.83946 7.486166
14.99873 14.99873 13.91118 7.132447
14.99873 14.99873 15.33661 7.132447
14.99873 14.99873 15.33661 7.132447
14.99873 14.99873 16.40833 7.132447
14.99873 14.99873 17.12104 7.132447
14.99873 14.99873 17.12104 7.132447
14.99873 14.99873 18.54647 7.486166
14.99873 14.99873 19.25919 7.845164
14.99873 14.99873 19.25919 7.845164
14.99873 14.99873 19.97191 8.204163
14.99873 14.99873 20.68463 9.270597
14.99873 14.99873 20.68463 9.270597
14.99873 14.99873 20.68463 10.34231
14.99873 14.99873 20.68463 10.34231
14.99873 14.99873 21.04362 11.41403
14.99873 14.99873 21.04362 12.48046
14.99873 14.99873 21.04362 13.91118
14.99873 14.99873 21.04362 13.91118
14.99873 14.99873 21.04362 14.97761
14.99873 14.99873 21.04362 16.04933
14.99873 14.99873 21.04362 16.04933
14.99873 14.99873 20.68463 17.12104
14.99873 14.99873 20.68463 18.18748
14.99873 14.99873 20.68463 18.18748
14.99873 14.99873 20.68463 19.25919
14.99873 14.99873 20.33091 19.97191
14.99873 14.99873 20.33091 19.97191
14.99873 14.99873 19.61819 20.33091
14.99873 14.99873 18.90547 20.68463
14.99873 14.99873 18.90547 20.68463
14.99873 14.99873 17.83376 20.68463
14.99873 14.99873 17.12104 20.68463
14.99873 14.99873 17.12104 20.68463
14.99873 14.99873 16.04933 20.68463
14.99873 14.99873 14.97761 20.68463
14.99873 14.99873 14.97761 20.68463
14.99873 14.99873 14.26489 20.68463
14.99873 14.99873 13.19846 20.33091
14.99873 14.99873 13.19846 20.33091
14.99873 14.99873 12.12674 20.33091
14.99873 14.99873 12.12674 20.33091
14.99873 14.99873 11.41403 19.97191
14.99873 14.99873 10.34231 19.61819
14.99873 14.99873 9.629596 18.90547
14.99873 14.99873 9.629596 18.90547
14.99873 14.99873 8.916879 18.18748
14.99873 14.99873 8.557881 17.12104
14.99873 14.99873 8.557881 17.12104
14.99873 14.99873 7.845164 16.40833
14.99873 14.99873 7.486166 15.33661
14.99873 14.99873 7.486166 15.33661
14.99873 14.99873 7.486166 14.26489
14.99873 14.99873 7.132447 13.19846
14.99873 14.99873 7.132447 13.19846
14.99873 14.99873 7.132447 12.48046
14.99873 14.99873 7.132447 11.41403
14.99873 14.99873 7.132447 11.41403
14.99873 14.99873 7.132447 10.70131
14.99873 14.99873 7.132447 10.70131
14.99873 14.99873 7.132447 9.983315
14.99873 14.99873 7.132447 9.270597
14.99873 14.99873 7.486166 8.557881
14.99873 14.99873 7.486166 8.557881
14.99873 14.99873 8.204163 8.204163
14.99873 14.99873 8.916879 7.845164
14.99873 14.99873 8.916879 7.845164
14.99873 14.99873 9.983315 7.486166
14.99873 14.99873 11.41403 7.486166
14.99873 14.99873 11.41403 7.486166
14.99873 14.99873 12.48046 7.132447
14.99873 14.99873 13.55218 7.132447
14.99873 14.99873 13.55218 7.132447
14.99873 14.99873 14.62389 7.132447
14.99873 14.99873 14.62389 7.132447
14.99873 14.99873 16.04933 7.132447
14.99873 14.99873 16.76204 7.486166
14.99873 14.99873 16.76204 7.486166
14.99873 14.99873 17.83376 7.845164
14.99873 14.99873 18.90547 8.557881
14.99873 14.99873 19.97191 9.270597
14.99873 14.99873 19.97191 9.270597
14.99873 14.99873 20.33091 10.34231
14.99873 14.99873 20.33091 10.34231
14.99873 14.99873 20.68463 11.41403
14.99873 14.99873 21.04362 12.83946
14.99873 14.99873 21.04362 13.91118
14.99873 14.99873 21.04362 13.91118
14.99873 14.99873 21.04362 14.97761
14.99873 14.99873 21.04362 16.04933
14.99873 14.99873 21.04362 16.04933
14.99873 14.99873 21.04362 17.12104
14.99873 14.99873 21.04362 17.12104
14.99873 14.99873 21.04362 18.18748
14.99873 14.99873 20.68463 19.25919
14.99873 14.99873 20.68463 19.25919
14.99873 14.99873 20.68463 19.97191
14.99873 14.99873 20.33091 20.33091
14.99873 14.99873 20.33091 20.33091
14.99873 14.99873 19.97191 20.68463
14.99873 14.99873 19.25919 20.68463
14.99873 14.99873 19.25919 20.68463
14.99873 14.99873 18.18748 20.68463
14.99873 14.99873 17.47476 20.68463
14.99873 14.99873 17.47476 20.68463
14.99873 14.99873 16.40833 20.68463
14.99873 14.99873 15.33661 20.68463
14.99873 14.99873 15.33661 20.68463
14.99873 14.99873 14.26489 20.33091
14.99873 14.99873 13.55218 20.33091
14.99873 14.99873 13.55218 20.33091
14.99873 14.99873 12.48046 19.97191
14.99873 14.99873 11.41403 19.61819
14.99873 14.99873 11.41403 19.61819
14.99873 14.99873 10.70131 18.90547
14.99873 14.99873 9.983315 18.18748
14.99873 14.99873 9.983315 18.18748
14.99873 14.99873 9.270597 17.12104
14.99873 14.99873 8.557881 16.40833
14.99873 14.99873 8.557881 16.40833
14.99873 14.99873 8.204163 15.33661
14.99873 14.99873 7.845164 14.26489
14.99873 14.99873 7.845164 14.26489
14.99873 14.99873 7.486166 13.19846
14.99873 14.99873 7.132447 12.48046
14.99873 14.99873 7.132447 12.48046
14.99873 14.99873 7.132447 11.41403
14.99873 14.99873 7.132447 10.70131
14.99873 14.99873 7.132447 10.70131
14.99873 14.99873 7.132447 9.983315
14.99873 14.99873 7.132447 9.270597
14.99873 14.99873 7.132447 9.270597
14.99873 14.99873 7.132447 8.557881
14.99873 14.99873 7.486166 7.845164
14.99873 14.99873 7.486166 7.845164
14.99873 14.99873 7.845164 7.486166
14.99873 14.99873 8.916879 7.132447
14.99873 14.99873 8.916879 7.132447
14.99873 14.99873 9.983315 6.773449
14.99873 14.99873 11.05503 6.773449
14.99873 14.99873 11.05503 6.773449
14.99873 14.99873 12.12674 6.419731
14.99873 14.99873 13.19846 6.419731
14.99873 14.99873 13.19846 6.419731
14.99873 14.99873 14.62389 6.419731
14.99873 14.99873 15.69033 6.419731
14.99873 14.99873 15.69033 6.419731
14.99873 14.99873 16.76204 6.773449
14.99873 14.99873 17.83376 7.132447
14.99873 14.99873 17.83376 7.132447
14.99873 14.99873 18.90547 7.845164
14.99873 14.99873 19.61819 8.916879
14.99873 14.99873 19.61819 8.916879
14.99873 14.99873 20.68463 9.983315
14.99873 14.99873 21.04362 11.05503
14.99873 14.99873 21.04362 11.05503
14.99873 14.99873 21.40262 12.48046
14.99873 14.99873 21.75634 13.55218
14.99873 14.99873 21.75634 13.55218
14.99873 14.99873 21.75634 14.62389
14.99873 14.99873 21.75634 15.69033
14.99873 14.99873 21.75634 15.69033
14.99873 14.99873 21.75634 16.76204
14.99873 14.99873 21.75634 17.83376
14.99873 14.99873 21.75634 17.83376
14.99873 14.99873 21.40262 18.90547
14.99873 14.99873 21.40262 19.97191
14.99873 14.99873 21.40262 19.97191
14.99873 14.99873 21.40262 20.68463
14.99873 14.99873 21.04362 21.40262
14.99873 14.99873 21.04362 21.40262
14.99873 14.99873 20.33091 21.75634
14.99873 14.99873 19.97191 21.75634
14.99873 14.99873 19.97191 21.75634
14.99873 14.99873 18.90547 22.11534
14.99873 14.99873 17.83376 22.11534
14.99873 14.99873 17.83376 22.11534
14.99873 14.99873 17.12104 22.11534
14.99873 14.99873 16.04933 21.75634
14.99873 14.99873 16.04933 21.75634
14.99873 14.99873 14.97761 21.75634
14.99873 14.99873 13.91118 21.75634
14.99873 14.99873 13.91118 21.75634
14.99873 14.99873 13.19846 21.40262
14.99873 14.99873 12.12674 21.40262
14.99873 14.99873 12.12674 21.40262
14.99873 14.99873 11.41403 20.68463
14.99873 14.99873 10.70131 19.97191
14.99873 14.99873 10.70131 19.97191
14.99873 14.99873 9.983315 19.25919
14.99873 14.99873 9.270597 18.18748
14.99873 14.99873 9.270597 18.18748
14.99873 14.99873 8.916879 17.47476
14.99873 14.99873 8.557881 16.40833
14.99873 14.99873 8.557881 16.40833
14.99873 14.99873 8.204163 15.33661
14.99873 14.99873 7.845164 14.26489
14.99873 14.99873 7.845164 14.26489
14.99873 14.99873 7.845164 13.55218
14.99873 14.99873 7.845164 12.48046
14.99873 14.99873 7.845164 12.48046
14.99873 14.99873 7.845164 11.76775
14.99873 14.99873 7.845164 10.70131
14.99873 14.99873 7.845164 10.70131
14.99873 14.99873 8.204163 9.983315
14.99873 14.99873 8.204163 9.270597
14.99873 14.99873 8.204163 9.270597
14.99873 14.99873 8.916879 8.557881
14.99873 14.99873 9.629596 8.204163
14.99873 14.99873 9.629596 8.204163
14.99873 14.99873 10.70131 7.486166
14.99873 14.99873 11.76775 7.132447
14.99873 14.99873 11.76775 7.132447
14.99873 14.99873 13.19846 7.132447
14.99873 14.99873 14.26489 6.773449
14.99873 14.99873 14.26489 6.773449
14.99873 14.99873 15.33661 6.773449
14.99873 14.99873 16.40833 6.773449
14.99873 14.99873 16.40833 6.773449
14.99873 14.99873 17.47476 6.773449
14.99873 14.99873 18.54647 6.773449
14.99873 14.99873 18.54647 6.773449
14.99873 14.99873 19.61819 6.773449
14.99873 14.99873 20.33091 7.486166
14.99873 14.99873 20.33091 7.486166
14.99873 14.99873 20.68463 7.845164
14.99873 14.99873 21.04362 8.916879
14.99873 14.99873 21.04362 8.916879
14.99873 14.99873 21.04362 9.983315
14.99873 14.99873 21.04362 11.05503
14.99873 14.99873 21.04362 11.05503
14.99873 14.99873 21.04362 12.48046
14.99873 14.99873 21.04362 13.55218
14.99873 14.99873 21.04362 13.55218
14.99873 14.99873 21.04362 14.97761
14.99873 14.99873 21.04362 15.69033
14.99873 14.99873 21.04362 15.69033
14.99873 14.99873 20.68463 17.12104
14.99873 14.99873 20.68463 17.83376
14.99873 14.99873 20.68463 17.83376
14.99873 14.99873 20.33091 19.25919
14.99873 14.99873 19.61819 19.97191
14.99873 14.99873 19.61819 19.97191
14.99873 14.99873 18.90547 21.04362
14.99873 14.99873 18.18748 21.40262
14.99873 14.99873 18.18748 21.40262
14.99873 14.99873 17.12104 21.75634
14.99873 14.99873 16.04933 22.11534
14.99873 14.99873 16.04933 22.11534
14.99873 14.99873 15.33661 22.11534
14.99873 14.99873 14.26489 22.11534
14.99873 14.99873 14.26489 22.11534
14.99873 14.99873 13.19846 22.11534
14.99873 14.99873 12.48046 22.11534
14.99873 14.99873 12.48046 22.11534
14.99873 14.99873 11.41403 21.75634
14.99873 14.99873 10.70131 21.75634
14.99873 14.99873 10.70131 21.75634
14.99873 14.99873 9.629596 21.75634
14.99873 14.99873 8.916879 21.40262
14.99873 14.99873 8.916879 21.40262
14.99873 14.99873 8.557881 20.68463
14.99873 14.99873 7.845164 20.33091
14.99873 14.99873 7.845164 20.33091
14.99873 14.99873 7.486166 19.25919
14.99873 14.99873 7.132447 18.54647
14.99873 14.99873 7.132447 18.54647
14.99873 14.99873 6.773449 17.47476
14.99873 14.99873 6.419731 16.40833
14.99873 14.99873 6.419731 16.40833
14.99873 14.99873 6.419731 15.33661
14.99873 14.99873 6.419731 14.62389
14.99873 14.99873 6.419731 14.62389
14.99873 14.99873 6.419731 13.55218
14.99873 14.99873 6.419731 12.48046
14.99873 14.99873 6.419731 12.48046
14.99873 14.99873 6.773449 11.76775
14.99873 14.99873 7.132447 11.05503
14.99873 14.99873 7.132447 11.05503
14.99873 14.99873 7.845164 9.983315
14.99873 14.99873 8.557881 9.270597
14.99873 14.99873 8.557881 9.270597
14.99873 14.99873 9.629596 8.557881
14.99873 14.99873 11.05503 8.204163
14.99873 14.99873 11.05503 8.204163
14.99873 14.99873 12.12674 7.845164
14.99873 14.99873 13.55218 7.486166
14.99873 14.99873 13.55218 7.486166
14.99873 14.99873 14.62389 7.132447
14.99873 14.99873 15.69033 6.773449
14.99873 14.99873 15.69033 6.773449
14.99873 14.99873 16.76204 6.773449
14.99873 14.99873 17.83376 6.773449
14.99873 14.99873 17.83376 6.773449
14.99873 14.99873 18.90547 6.773449
14.99873 14.99873 19.97191 6.773449
14.99873 14.99873 19.97191 6.773449
14.99873 14.99873 20.68463 7.132447
14.99873 14.99873 21.04362 7.486166
14.99873 14.99873 21.04362 7.486166
14.99873 14.99873 21.40262 8.204163
14.99873 14.99873 21.40262 8.916879
14.99873 14.99873 21.40262 8.916879
14.99873 14.99873 21.75634 9.983315
14.99873 14.99873 21.75634 11.41403
14.99873 14.99873 21.75634 11.41403
14.99873 14.99873 21.75634 12.48046
14.99873 14.99873 21.75634 13.55218
14.99873 14.99873 21.75634 13.55218
14.99873 14.99873 21.40262 14.97761
14.99873 14.99873 21.40262 16.04933
14.99873 14.99873 21.40262 16.04933
14.99873 14.99873 21.04362 17.12104
14.99873 14.99873 21.04362 18.18748
14.99873 14.99873 21.04362 18.18748
14.99873 14.99873 20.33091 19.25919
14.99873 14.99873 19.61819 19.97191
14.99873 14.99873 19.61819 19.97191
14.99873 14.99873 18.90547 20.33091
14.99873 14.99873 17.83376 20.68463
14.99873 14.99873 17.83376 20.68463
14.99873 14.99873 17.12104 20.68463
14.99873 14.99873 16.04933 21.04362
14.99873 14.99873 16.04933 21.04362
14.99873 14.99873 14.97761 21.04362
14.99873 14.99873 13.91118 21.04362
14.99873 14.99873 13.91118 21.04362
14.99873 14.99873 13.19846 20.68463
14.99873 14.99873 12.12674 20.68463
14.99873 14.99873 12.12674 20.68463
14.99873 14.99873 11.41403 20.68463
14.99873 14.99873 10.70131 20.33091
14.99873 14.99873 10.70131 20.33091
14.99873 14.99873 9.629596 19.97191
14.99873 14.99873 9.270597 19.25919
14.99873 14.99873 9.270597 19.25919
14.99873 14.99873 8.557881 18.54647
14.99873 14.99873 8.204163 17.83376
14.99873 14.99873 8.204163 17.83376
14.99873 14.99873 8.204163 16.76204
14.99873 14.99873 7.845164 15.69033
14.99873 14.99873 7.845164 15.69033
14.99873 14.99873 7.845164 14.62389
14.99873 14.99873 7.845164 13.91118
14.99873 14.99873 7.845164 13.91118
14.99873 14.99873 7.845164 12.83946
14.99873 14.99873 7.845164 11.76775
14.99873 14.99873 7.845164 11.76775
14.99873 14.99873 7.845164 11.05503
14.99873 14.99873 8.204163 10.34231
14.99873 14.99873 8.204163 10.34231
14.99873 14.99873 8.916879 9.629596
14.99873 14.99873 9.629596 8.916879
14.99873 14.99873 9.629596 8.916879
14.99873 14.99873 10.70131 8.557881
14.99873 14.99873 11.76775 8.204163
14.99873 14.99873 11.76775 8.204163
14.99873 14.99873 12.83946 7.845164
14.99873 14.99873 14.26489 7.486166
14.99873 14.99873 14.26489 7.486166
14.99873 14.99873 15.33661 7.486166
14.99873 14.99873 16.40833 7.486166
14.99873 14.99873 16.40833 7.486166
14.99873 14.99873 17.47476 7.486166
14.99873 14.99873 18.54647 7.486166
14.99873 14.99873 18.54647 7.486166
14.99873 14.99873 19.61819 7.486166
14.99873 14.99873 20.33091 7.845164
14.99873 14.99873 20.33091 7.845164
14.99873 14.99873 20.68463 8.557881
14.99873 14.99873 21.04362 9.270597
14.99873 14.99873 21.04362 9.270597
14.99873 14.99873 21.04362 10.34231
14.99873 14.99873 21.04362 11.41403
14.99873 14.99873 21.04362 11.41403
14.99873 14.99873 21.04362 12.83946
14.99873 14.99873 21.04362 13.91118
14.99873 14.99873 21.04362 13.91118
14.99873 14.99873 21.04362 14.97761
14.99873 14.99873 20.68463 16.04933
14.99873 14.99873 20.68463 16.04933
14.99873 14.99873 20.68463 17.12104
14.99873 14.99873 20.33091 18.18748
14.99873 14.99873 20.33091 18.18748
14.99873 14.99873 19.97191 19.25919
14.99873 14.99873 19.61819 19.97191
14.99873 14.99873 19.61819 19.97191
14.99873 14.99873 18.90547 20.33091
14.99873 14.99873 17.83376 20.68463
14.99873 14.99873 17.83376 20.68463
14.99873 14.99873 17.12104 21.04362
14.99873 14.99873 16.04933 21.04362
14.99873 14.99873 16.04933 21.04362
14.99873 14.99873 14.97761 21.04362
14.99873 14.99873 13.91118 21.04362
14.99873 14.99873 13.91118 21.04362
14.99873 14.99873 13.19846 20.68463
14.99873 14.99873 12.12674 20.68463
14.99873 14.99873 12.12674 20.68463
14.99873 14.99873 11.41403 20.68463
14.99873 14.99873 10.70131 20.33091
14.99873 14.99873 10.70131 20.33091
14.99873 14.99873 9.629596 19.97191
14.99873 14.99873 9.270597 19.61819
14.99873 14.99873 9.270597 19.61819
14.99873 14.99873 8.557881 18.54647
14.99873 14.99873 8.204163 17.83376
14.99873 14.99873 8.204163 17.83376
14.99873 14.99873 8.204163 16.76204
14.99873 14.99873 7.845164 15.69033
14.99873 14.99873 7.845164 15.69033
14.99873 14.99873 7.845164 14.97761
14.99873 14.99873 7.845164 13.91118
14.99873 14.99873 7.845164 13.91118
14.99873 14.99873 7.845164 12.83946
14.99873 14.99873 7.845164 12.12674
14.99873 14.99873 7.845164 12.12674
14.99873 14.99873 7.845164 11.05503
14.99873 14.99873 8.204163 10.34231
14.99873 14.99873 8.204163 10.34231
14.99873 14.99873 8.916879 9.629596
14.99873 14.99873 9.629596 8.916879
14.99873 14.99873 9.629596 8.916879
14.99873 14.99873 10.70131 8.557881
14.99873 14.99873 11.76775 8.204163
14.99873 14.99873 11.76775 8.204163
14.99873 14.99873 12.83946 7.845164
14.99873 14.99873 14.26489 7.845164
14.99873 14.99873 14.26489 7.845164
14.99873 14.99873 15.33661 7.486166
14.99873 14.99873 16.40833 7.486166
14.99873 14.99873 16.40833 7.486166
14.99873 14.99873 17.47476 7.486166
14.99873 14.99873 18.54647 7.486166
14.99873 14.99873 18.54647 7.486166
14.99873 14.99873 19.61819 7.845164
14.99873 14.99873 20.33091 8.204163
14.99873 14.99873 20.33091 8.204163
14.99873 14.99873 20.68463 8.557881
14.99873 14.99873 21.04362 9.270597
14.99873 14.99873 21.04362 9.270597
14.99873 14.99873 21.04362 10.34231
14.99873 14.99873 21.04362 11.76775
14.99873 14.99873 21.04362 11.76775
14.99873 14.99873 21.04362 12.83946
14.99873 14.99873 21.04362 13.91118
14.99873 14.99873 21.04362 13.91118
14.99873 14.99873 21.04362 15.33661
14.99873 14.99873 20.68463 16.04933
14.99873 14.99873 20.68463 16.04933
14.99873 14.99873 20.68463 17.12104
14.99873 14.99873 20.68463 18.18748
14.99873 14.99873 20.68463 18.18748
14.99873 14.99873 20.33091 19.25919
14.99873 14.99873 19.61819 19.97191
14.99873 14.99873 19.61819 19.97191
14.99873 14.99873 18.90547 20.68463
14.99873 14.99873 17.83376 20.68463
14.99873 14.99873 17.83376 20.68463
14.99873 14.99873 16.76204 21.04362
14.99873 14.99873 16.04933 21.04362
14.99873 14.99873 16.04933 21.04362
14.99873 14.99873 14.97761 21.04362
14.99873 14.99873 13.91118 21.04362
14.99873 14.99873 13.91118 21.04362
14.99873 14.99873 12.83946 21.04362
14.99873 14.99873 12.12674 20.68463
14.99873 14.99873 12.12674 20.68463
14.99873 14.99873 11.41403 20.68463
14.99873 14.99873 10.70131 20.68463
14.99873 14.99873 10.70131 20.68463
14.99873 14.99873 9.629596 20.33091
14.99873 14.99873 9.270597 19.61819
14.99873 14.99873 9.270597 19.61819
14.99873 14.99873 8.557881 18.90547
14.99873 14.99873 8.204163 17.83376
14.99873 14.99873 8.204163 17.83376
14.99873 14.99873 8.204163 16.76204
14.99873 14.99873 7.845164 16.04933
14.99873 14.99873 7.845164 16.04933
14.99873 14.99873 7.845164 14.97761
14.99873 14.99873 7.845164 13.91118
14.99873 14.99873 7.845164 13.91118
14.99873 14.99873 7.845164 13.19846
14.99873 14.99873 7.845164 12.12674
14.99873 14.99873 7.845164 12.12674
14.99873 14.99873 7.845164 11.41403
14.99873 14.99873 8.204163 10.34231
14.99873 14.99873 8.204163 10.34231
14.99873 14.99873 8.916879 9.629596
14.99873 14.99873 9.629596 9.270597
14.99873 14.99873 9.629596 9.270597
14.99873 14.99873 10.70131 8.557881
14.99873 14.99873 12.12674 8.204163
14.99873 14.99873 12.12674 8.204163
14.99873 14.99873 13.19846 7.845164
14.99873 14.99873 14.26489 7.845164
14.99873 14.99873 14.26489 7.845164
14.99873 14.99873 15.33661 7.845164
14.99873 14.99873 16.40833 7.486166
14.99873 14.99873 16.40833 7.486166
14.99873 14.99873 17.47476 7.486166
14.99873 14.99873 18.54647 7.845164
14.99873 14.99873 18.54647 7.845164
14.99873 14.99873 19.61819 7.845164
14.99873 14.99873 20.33091 8.204163
14.99873 14.99873 20.33091 8.204163
14.99873 14.99873 20.68463 8.916879
14.99873 14.99873 21.04362 9.629596
14.99873 14.99873 21.04362 9.629596
14.99873 14.99873 21.04362 10.34231
14.99873 14.99873 21.04362 11.76775
14.99873 14.99873 21.04362 11.76775
14.99873 14.99873 21.04362 12.83946
14.99873 14.99873 21.04362 14.26489
14.99873 14.99873 21.04362 14.26489
14.99873 14.99873 21.04362 15.33661
14.99873 14.99873 20.68463 16.40833
14.99873 14.99873 20.68463 16.40833
14.99873 14.99873 20.68463 17.47476
14.99873 14.99873 20.68463 18.54647
14.99873 14.99873 20.68463 18.54647
14.99873 14.99873 19.97191 19.61819
14.99873 14.99873 19.61819 20.33091
14.99873 14.99873 19.61819 20.33091
14.99873 14.99873 18.90547 20.68463
14.99873 14.99873 17.83376 21.04362
14.99873 14.99873 17.83376 21.04362
14.99873 14.99873 16.76204 21.04362
14.99873 14.99873 16.04933 21.04362
14.99873 14.99873 16.04933 21.04362
14.99873 14.99873 14.97761 21.40262
14.99873 14.99873 13.91118 21.04362
14.99873 14.99873 13.91118 21.04362
14.99873 14.99873 13.19846 21.04362
14.99873 14.99873 12.12674 21.04362
14.99873 14.99873 12.12674 21.04362
14.99873 14.99873 11.41403 21.04362
14.99873 14.99873 10.34231 20.68463
14.99873 14.99873 10.34231 20.68463
14.99873 14.99873 9.629596 20.33091
14.99873 14.99873 9.270597 19.61819
14.99873 14.99873 9.270597 19.61819
14.99873 14.99873 8.557881 18.90547
14.99873 14.99873 8.204163 18.18748
14.99873 14.99873 8.204163 18.18748
14.99873 14.99873 8.204163 17.12104
14.99873 14.99873 7.845164 16.04933
14.99873 14.99873 7.845164 16.04933
14.99873 14.99873 7.845164 14.97761
14.99873 14.99873 7.845164 13.91118
14.99873 14.99873 7.845164 13.91118
14.99873 14.99873 7.845164 13.19846
14.99873 14.99873 7.845164 12.12674
14.99873 14.99873 7.845164 12.12674
14.99873 14.99873 7.845164 11.41403
14.99873 14.99873 8.204163 10.70131
14.99873 14.99873 8.204163 10.70131
14.99873 14.99873 8.916879 9.983315
14.99873 14.99873 9.629596 9.270597
14.99873 14.99873 9.629596 9.270597
14.99873 14.99873 10.70131 8.916879
14.99873 14.99873 11.76775 8.557881
14.99873 14.99873 11.76775 8.557881
14.99873 14.99873 13.19846 8.204163
14.99873 14.99873 14.26489 8.204163
14.99873 14.99873 14.26489 8.204163
14.99873 14.99873 15.33661 7.845164
14.99873 14.99873 16.40833 7.845164
14.99873 14.99873 16.40833 7.845164
14.99873 14.99873 17.47476 7.845164
14.99873 14.99873 18.54647 7.845164
14.99873 14.99873 18.54647 7.845164
14.99873 14.99873 19.61819 8.204163
14.99873 14.99873 20.33091 8.557881
14.99873 14.99873 20.33091 8.557881
14.99873 14.99873 20.68463 8.916879
14.99873 14.99873 21.04362 9.983315
14.99873 14.99873 21.04362 9.983315
14.99873 14.99873 21.04362 11.05503
14.99873 14.99873 21.04362 12.12674
14.99873 14.99873 21.04362 12.12674
14.99873 14.99873 21.04362 13.19846
14.99873 14.99873 21.04362 14.26489
14.99873 14.99873 21.04362 14.26489
14.99873 14.99873 21.04362 15.69033
14.99873 14.99873 20.68463 16.76204
14.99873 14.99873 20.68463 16.76204
14.99873 14.99873 20.68463 17.83376
14.99873 14.99873 20.68463 18.90547
14.99873 14.99873 20.68463 18.90547
14.99873 14.99873 20.33091 19.61819
14.99873 14.99873 19.61819 20.68463
14.99873 14.99873 19.61819 20.68463
14.99873 14.99873 18.90547 21.04362
14.99873 14.99873 17.83376 21.40262
14.99873 14.99873 17.83376 21.40262
14.99873 14.99873 17.12104 21.40262
14.99873 14.99873 16.04933 21.40262
14.99873 14.99873 16.04933 21.40262
14.99873 14.99873 14.97761 21.40262
14.99873 14.99873 13.91118 21.40262
14.99873 14.99873 13.91118 21.40262
14.99873 14.99873 13.19846 21.40262
14.99873 14.99873 12.12674 21.04362
14.99873 14.99873 12.12674 21.04362
14.99873 14.99873 11.41403 21.04362
14.99873 14.99873 10.34231 21.04362
14.99873 14.99873 10.34231 21.04362
14.99873 14.99873 9.983315 20.68463
14.99873 14.99873 9.270597 19.97191
14.99873 14.99873 9.270597 19.97191
14.99873 14.99873 8.557881 19.25919
14.99873 14.99873 8.204163 18.18748
14.99873 14.99873 8.204163 18.18748
14.99873 14.99873 8.204163 17.12104
14.99873 14.99873 7.845164 16.40833
14.99873 14.99873 7.845164 16.40833
14.99873 14.99873 7.845164 15.33661
14.99873 14.99873 7.845164 14.26489
14.99873 14.99873 7.845164 14.26489
14.99873 14.99873 7.845164 13.19846
14.99873 14.99873 7.845164 12.48046
14.99873 14.99873 7.845164 12.48046
14.99873 14.99873 8.204163 11.76775
14.99873 14.99873 8.557881 10.70131
14.99873 14.99873 8.557881 10.70131
14.99873 14.99873 8.916879 9.983315
14.99873 14.99873 9.629596 9.270597
14.99873 14.99873 9.629596 9.270597
14.99873 14.99873 10.70131 8.557881
14.99873 14.99873 12.12674 8.204163
14.99873 14.99873 12.12674 8.204163
14.99873 14.99873 13.19846 7.486166
14.99873 14.99873 14.26489 7.132447
14.99873 14.99873 14.26489 7.132447
14.99873 14.99873 15.33661 7.132447
14.99873 14.99873 16.40833 6.773449
14.99873 14.99873 16.40833 6.773449
14.99873 14.99873 17.47476 6.773449
14.99873 14.99873 18.54647 6.773449
14.99873 14.99873 18.54647 6.773449
14.99873 14.99873 19.61819 6.773449
14.99873 14.99873 20.33091 6.773449
14.99873 14.99873 20.33091 6.773449
14.99873 14.99873 20.68463 7.132447
14.99873 14.99873 21.04362 7.486166
14.99873 14.99873 21.04362 7.486166
14.99873 14.99873 21.04362 8.204163
14.99873 14.99873 21.04362 8.916879
14.99873 14.99873 21.04362 8.916879
14.99873 14.99873 21.04362 10.34231
14.99873 14.99873 21.04362 11.41403
14.99873 14.99873 21.04362 11.41403
14.99873 14.99873 21.04362 12.48046
14.99873 14.99873 21.04362 13.91118
14.99873 14.99873 21.04362 13.91118
14.99873 14.99873 20.68463 14.97761
14.99873 14.99873 20.68463 16.04933
14.99873 14.99873 20.68463 16.04933
14.99873 14.99873 20.33091 17.12104
14.99873 14.99873 19.61819 18.18748
14.99873 14.99873 19.61819 18.18748
14.99873 14.99873 18.90547 19.25919
14.99873 14.99873 17.83376 19.97191
14.99873 14.99873 17.83376 19.97191
14.99873 14.99873 17.12104 20.33091
14.99873 14.99873 16.04933 20.68463
14.99873 14.99873 16.04933 20.68463
14.99873 14.99873 14.97761 20.68463
14.99873 14.99873 14.26489 21.04362
14.99873 14.99873 14.26489 21.04362
14.99873 14.99873 13.19846 21.04362
14.99873 14.99873 12.12674 21.04362
14.99873 14.99873 12.12674 21.04362
14.99873 14.99873 11.41403 20.68463
14.99873 14.99873 10.34231 20.68463
14.99873 14.99873 10.34231 20.68463
14.99873 14.99873 9.629596 20.68463
14.99873 14.99873 8.916879 20.33091
14.99873 14.99873 8.916879 20.33091
14.99873 14.99873 8.204163 19.97191
14.99873 14.99873 7.845164 19.25919
14.99873 14.99873 7.845164 19.25919
14.99873 14.99873 7.486166 18.54647
14.99873 14.99873 7.132447 17.47476
14.99873 14.99873 7.132447 17.47476
14.99873 14.99873 6.773449 16.76204
14.99873 14.99873 6.419731 15.69033
14.99873 14.99873 6.419731 15.69033
14.99873 14.99873 6.419731 14.62389
14.99873 14.99873 6.419731 13.55218
14.99873 14.99873 6.419731 13.55218
14.99873 14.99873 6.419731 12.83946
14.99873 14.99873 6.419731 11.76775
14.99873 14.99873 6.419731 11.76775
14.99873 14.99873 6.773449 11.05503
14.99873 14.99873 7.132447 10.34231
14.99873 14.99873 7.132447 10.34231
14.99873 14.99873 7.845164 9.629596
14.99873 14.99873 8.916879 8.916879
14.99873 14.99873 8.916879 8.916879
14.99873 14.99873 9.983315 8.557881
14.99873 14.99873 11.41403 8.204163
14.99873 14.99873 11.41403 8.204163
14.99873 14.99873 12.48046 7.845164
14.99873 14.99873 13.55218 7.486166
14.99873 14.99873 13.55218 7.486166
14.99873 14.99873 14.62389 7.486166
14.99873 14.99873 15.69033 7.486166
14.99873 14.99873 15.69033 7.486166
14.99873 14.99873 16.76204 7.486166
14.99873 14.99873 17.83376 7.486166
14.99873 14.99873 17.83376 7.486166
14.99873 14.99873 18.90547 7.486166
14.99873 14.99873 19.97191 7.845164
14.99873 14.99873 19.97191 7.845164
14.99873 14.99873 20.68463 8.557881
14.99873 14.99873 21.40262 9.270597
14.99873 14.99873 21.40262 9.270597
14.99873 14.99873 21.40262 10.34231
14.99873 14.99873 21.75634 11.41403
14.99873 14.99873 21.75634 11.41403
14.99873 14.99873 21.75634 12.83946
14.99873 14.99873 21.75634 13.91118
14.99873 14.99873 21.75634 13.91118
14.99873 14.99873 21.75634 14.97761
14.99873 14.99873 21.75634 16.04933
14.99873 14.99873 21.75634 16.04933
14.99873 14.99873 21.40262 17.47476
14.99873 14.99873 21.40262 18.18748
14.99873 14.99873 21.40262 18.18748
14.99873 14.99873 21.40262 19.25919
14.99873 14.99873 21.04362 19.97191
14.99873 14.99873 21.04362 19.97191
14.99873 14.99873 20.33091 20.68463
14.99873 14.99873 19.61819 20.68463
14.99873 14.99873 19.61819 20.68463
14.99873 14.99873 18.90547 21.04362
14.99873 14.99873 17.83376 21.04362
14.99873 14.99873 17.83376 21.04362
14.99873 14.99873 17.12104 21.04362
14.99873 14.99873 16.04933 21.04362
14.99873 14.99873 16.04933 21.04362
14.99873 14.99873 14.97761 21.04362
14.99873 14.99873 13.91118 20.68463
14.99873 14.99873 13.91118 20.68463
14.99873 14.99873 13.19846 20.68463
14.99873 14.99873 12.12674 20.33091
14.99873 14.99873 12.12674 20.33091
14.99873 14.99873 11.41403 19.97191
14.99873 14.99873 10.70131 19.25919
14.99873 14.99873 10.70131 19.25919
14.99873 14.99873 9.629596 18.54647
14.99873 14.99873 9.270597 17.83376
14.99873 14.99873 9.270597 17.83376
14.99873 14.99873 8.916879 16.76204
14.99873 14.99873 8.557881 15.69033
14.99873 14.99873 8.557881 15.69033
14.99873 14.99873 8.204163 14.97761
14.99873 14.99873 7.845164 13.91118
14.99873 14.99873 7.845164 13.91118
14.99873 14.99873 7.845164 12.83946
14.99873 14.99873 7.845164 11.76775
14.99873 14.99873 7.845164 11.76775
14.99873 14.99873 7.845164 11.05503
14.99873 14.99873 7.845164 10.34231
14.99873 14.99873 7.845164 10.34231
14.99873 14.99873 8.204163 9.629596
14.99873 14.99873 8.557881 9.270597
14.99873 14.99873 8.557881 9.270597
14.99873 14.99873 9.270597 8.557881
14.99873 14.99873 9.983315 8.204163
14.99873 14.99873 9.983315 8.204163
14.99873 14.99873 11.05503 7.845164
14.99873 14.99873 12.12674 7.845164
14.99873 14.99873 12.12674 7.845164
14.99873 14.99873 13.19846 7.486166
14.99873 14.99873 14.26489 7.486166
14.99873 14.99873 14.26489 7.486166
14.99873 14.99873 15.69033 7.486166
14.99873 14.99873 16.76204 7.486166
14.99873 14.99873 16.76204 7.486166
14.99873 14.99873 17.83376 7.845164
14.99873 14.99873 18.54647 8.204163
14.99873 14.99873 18.54647 8.204163
14.99873 14.99873 19.61819 8.557881
14.99873 14.99873 20.33091 9.629596
14.99873 14.99873 20.33091 9.629596
14.99873 14.99873 20.68463 10.70131
14.99873 14.99873 21.04362 11.76775
14.99873 14.99873 21.04362 11.76775
14.99873 14.99873 21.04362 12.83946
14.99873 14.99873 21.04362 14.26489
14.99873 14.99873 21.04362 14.26489
14.99873 14.99873 21.04362 15.33661
14.99873 14.99873 21.04362 16.40833
14.99873 14.99873 21.04362 16.40833
14.99873 14.99873 21.04362 17.47476
14.99873 14.99873 21.04362 18.54647
14.99873 14.99873 21.04362 18.54647
14.99873 14.99873 20.68463 19.61819
14.99873 14.99873 20.68463 20.33091
14.99873 14.99873 20.68463 20.33091
14.99873 14.99873 20.33091 20.68463
14.99873 14.99873 19.61819 21.04362
14.99873 14.99873 19.61819 21.04362
14.99873 14.99873 18.90547 21.04362
14.99873 14.99873 17.83376 21.04362
14.99873 14.99873 17.83376 21.04362
14.99873 14.99873 17.12104 21.04362
14.99873 14.99873 16.04933 21.04362
14.99873 14.99873 16.04933 21.04362
14.99873 14.99873 14.97761 21.04362
14.99873 14.99873 14.26489 21.04362
14.99873 14.99873 14.26489 21.04362
14.99873 14.99873 13.19846 20.68463
14.99873 14.99873 12.12674 20.68463
14.99873 14.99873 12.12674 20.68463
14.99873 14.99873 11.41403 20.33091
14.99873 14.99873 10.70131 19.61819
14.99873 14.99873 10.70131 19.61819
14.99873 14.99873 9.629596 18.90547
14.99873 14.99873 9.270597 17.83376
14.99873 14.99873 9.270597 17.83376
14.99873 14.99873 8.204163 17.12104
14.99873 14.99873 7.845164 16.04933
14.99873 14.99873 7.845164 16.04933
14.99873 14.99873 7.486166 14.97761
14.99873 14.99873 7.132447 13.91118
14.99873 14.99873 7.132447 13.91118
14.99873 14.99873 6.773449 12.83946
14.99873 14.99873 6.419731 12.12674
14.99873 14.99873 6.419731 12.12674
14.99873 14.99873 6.419731 11.05503
14.99873 14.99873 6.419731 10.34231
14.99873 14.99873 6.419731 10.34231
14.99873 14.99873 6.419731 9.983315
14.99873 14.99873 6.419731 9.270597
14.99873 14.99873 6.419731 9.270597
14.99873 14.99873 6.773449 8.916879
14.99873 14.99873 7.132447 8.204163
14.99873 14.99873 7.132447 8.204163
14.99873 14.99873 7.845164 8.204163
14.99873 14.99873 8.916879 7.845164
14.99873 14.99873 8.916879 7.845164
14.99873 14.99873 9.983315 7.845164
14.99873 14.99873 11.41403 7.845164
14.99873 14.99873 11.41403 7.845164
14.99873 14.99873 12.48046 7.845164
14.99873 14.99873 13.55218 7.845164
14.99873 14.99873 13.55218 7.845164
14.99873 14.99873 14.62389 8.204163
14.99873 14.99873 16.04933 8.557881
14.99873 14.99873 16.04933 8.557881
14.99873 14.99873 16.76204 8.916879
14.99873 14.99873 17.83376 9.983315
14.99873 14.99873 17.83376 9.983315
14.99873 14.99873 18.90547 10.70131
14.99873 14.99873 19.61819 12.12674
14.99873 14.99873 19.61819 12.12674
14.99873 14.99873 19.97191 13.19846
14.99873 14.99873 20.33091 14.26489
14.99873 14.99873 20.33091 14.26489
14.99873 14.99873 20.33091 15.69033
14.99873 14.99873 20.68463 16.76204
14.99873 14.99873 20.68463 16.76204
14.99873 14.99873 20.68463 17.83376
14.99873 14.99873 20.68463 18.90547
14.99873 14.99873 20.68463 18.90547
14.99873 14.99873 20.33091 19.61819
14.99873 14.99873 20.33091 20.33091
14.99873 14.99873 20.33091 20.33091
14.99873 14.99873 20.33091 21.04362
14.99873 14.99873 19.97191 21.04362
14.99873 14.99873 19.97191 21.04362
14.99873 14.99873 19.61819 21.40262
14.99873 14.99873 18.90547 21.40262
14.99873 14.99873 18.90547 21.40262
14.99873 14.99873 18.18748 21.40262
14.99873 14.99873 17.12104 21.40262
14.99873 14.99873 17.12104 21.40262
14.99873 14.99873 16.40833 21.04362
14.99873 14.99873 15.33661 21.04362
14.99873 14.99873 15.33661 21.04362
14.99873 14.99873 14.26489 21.04362
14.99873 14.99873 13.19846 20.68463
14.99873 14.99873 13.19846 20.68463
14.99873 14.99873 12.48046 20.33091
14.99873 14.99873 11.41403 19.61819
14.99873 14.99873 11.41403 19.61819
14.99873 14.99873 10.70131 18.90547
14.99873 14.99873 9.983315 18.18748
14.99873 14.99873 9.983315 18.18748
14.99873 14.99873 9.270597 17.12104
14.99873 14.99873 8.557881 16.04933
14.99873 14.99873 8.557881 16.04933
14.99873 14.99873 8.204163 14.97761
14.99873 14.99873 7.845164 14.26489
14.99873 14.99873 7.845164 14.26489
14.99873 14.99873 7.486166 13.19846
14.99873 14.99873 7.132447 12.12674
14.99873 14.99873 7.132447 12.12674
14.99873 14.99873 7.132447 11.41403
14.99873 14.99873 7.132447 10.70131
14.99873 14.99873 7.132447 10.70131
14.99873 14.99873 7.132447 9.983315
14.99873 14.99873 7.132447 8.916879
14.99873 14.99873 7.132447 8.916879
14.99873 14.99873 7.486166 8.557881
14.99873 14.99873 7.486166 8.557881
14.99873 14.99873 7.486166 7.845164
14.99873 14.99873 8.204163 7.486166
14.99873 14.99873 8.916879 7.132447
14.99873 14.99873 8.916879 7.132447
14.99873 14.99873 9.983315 6.773449
14.99873 14.99873 11.41403 6.773449
14.99873 14.99873 11.41403 6.773449
14.99873 14.99873 12.48046 6.419731
14.99873 14.99873 13.55218 6.419731
14.99873 14.99873 13.55218 6.419731
14.99873 14.99873 14.62389 6.419731
14.99873 14.99873 15.69033 6.773449
14.99873 14.99873 15.69033 6.773449
14.99873 14.99873 16.76204 6.773449
14.99873 14.99873 17.83376 7.486166
14.99873 14.99873 17.83376 7.486166
14.99873 14.99873 18.90547 8.204163
14.99873 14.99873 19.97191 8.916879
14.99873 14.99873 19.97191 8.916879
14.99873 14.99873 20.68463 9.983315
14.99873 14.99873 21.04362 11.41403
14.99873 14.99873 21.04362 11.41403
14.99873 14.99873 21.40262 12.48046
14.99873 14.99873 21.75634 13.91118
14.99873 14.99873 21.75634 13.91118
14.99873 14.99873 21.75634 14.97761
14.99873 14.99873 21.75634 16.04933
14.99873 14.99873 21.75634 16.04933
14.99873 14.99873 21.75634 17.12104
14.99873 14.99873 21.40262 18.18748
14.99873 14.99873 21.40262 18.18748
14.99873 14.99873 21.40262 18.90547
14.99873 14.99873 21.40262 19.97191
14.99873 14.99873 21.40262 19.97191
14.99873 14.99873 21.04362 20.33091
14.99873 14.99873 20.68463 20.68463
14.99873 14.99873 20.68463 20.68463
14.99873 14.99873 20.33091 20.68463
14.99873 14.99873 19.61819 20.68463
14.99873 14.99873 19.61819 20.68463
14.99873 14.99873 18.90547 20.68463
14.99873 14.99873 17.83376 20.68463
14.99873 14.99873 17.83376 20.68463
14.99873 14.99873 16.76204 20.68463
14.99873 14.99873 16.04933 20.68463
14.99873 14.99873 16.04933 20.68463
14.99873 14.99873 14.97761 20.33091
14.99873 14.99873 13.91118 20.33091
14.99873 14.99873 13.91118 20.33091
14.99873 14.99873 12.83946 19.61819
14.99873 14.99873 12.12674 19.25919
14.99873 14.99873 12.12674 19.25919
14.99873 14.99873 11.05503 18.54647
14.99873 14.99873 10.34231 17.47476
14.99873 14.99873 10.34231 17.47476
14.99873 14.99873 9.629596 16.40833
14.99873 14.99873 9.270597 15.33661
14.99873 14.99873 9.270597 15.33661
14.99873 14.99873 8.557881 14.62389
14.99873 14.99873 8.204163 13.55218
14.99873 14.99873 8.204163 13.55218
14.99873 14.99873 8.204163 12.48046
14.99873 14.99873 7.845164 11.76775
14.99873 14.99873 7.845164 11.76775
14.99873 14.99873 7.845164 11.05503
14.99873 14.99873 7.845164 9.983315
14.99873 14.99873 7.845164 9.983315
14.99873 14.99873 7.845164 9.270597
14.99873 14.99873 7.845164 8.916879
14.99873 14.99873 7.845164 8.916879
14.99873 14.99873 8.204163 8.204163
14.99873 14.99873 8.557881 7.845164
14.99873 14.99873 8.557881 7.845164
14.99873 14.99873 8.916879 7.486166
14.99873 14.99873 9.983315 7.486166
14.99873 14.99873 9.983315 7.486166
14.99873 14.99873 11.05503 7.486166
14.99873 14.99873 12.12674 7.132447
14.99873 14.99873 12.12674 7.132447
14.99873 14.99873 13.19846 7.132447
14.99873 14.99873 14.26489 7.486166
14.99873 14.99873 14.26489 7.486166
14.99873 14.99873 15.33661 7.486166
14.99873 14.99873 15.33661 7.486166
14.99873 14.99873 16.76204 7.845164
14.99873 14.99873 17.47476 8.204163
14.99873 14.99873 18.90547 9.270597
14.99873 14.99873 18.90547 9.270597
14.99873 14.99873 19.61819 10.34231
14.99873 14.99873 20.68463 11.41403
14.99873 14.99873 20.68463 11.41403
14.99873 14.99873 21.04362 12.83946
14.99873 14.99873 21.40262 13.91118
14.99873 14.99873 21.40262 13.91118
14.99873 14.99873 21.75634 14.97761
14.99873 14.99873 21.75634 16.04933
14.99873 14.99873 21.75634 16.04933
14.99873 14.99873 21.75634 17.12104
14.99873 14.99873 21.75634 18.18748
14.99873 14.99873 21.75634 18.18748
14.99873 14.99873 21.75634 19.25919
14.99873 14.99873 21.75634 19.97191
14.99873 14.99873 21.75634 19.97191
14.99873 14.99873 21.40262 20.33091
14.99873 14.99873 21.40262 20.68463
14.99873 14.99873 21.40262 20.68463
14.99873 14.99873 21.04362 20.68463
14.99873 14.99873 20.68463 21.04362
14.99873 14.99873 20.68463 21.04362
14.99873 14.99873 19.97191 21.04362
14.99873 14.99873 19.25919 21.04362
14.99873 14.99873 19.25919 21.04362
14.99873 14.99873 18.18748 20.68463
14.99873 14.99873 17.12104 20.68463
14.99873 14.99873 17.12104 20.68463
14.99873 14.99873 16.40833 20.68463
14.99873 14.99873 15.33661 20.33091
14.99873 14.99873 15.33661 20.33091
14.99873 14.99873 14.26489 19.97191
14.99873 14.99873 13.19846 19.25919
14.99873 14.99873 13.19846 19.25919
14.99873 14.99873 12.48046 18.54647
14.99873 14.99873 12.48046 18.54647
14.99873 14.99873 11.41403 17.47476
14.99873 14.99873 10.70131 16.76204
14.99873 14.99873 9.983315 15.69033
14.99873 14.99873 9.983315 15.69033
14.99873 14.99873 9.270597 14.62389
14.99873 14.99873 8.557881 13.55218
14.99873 14.99873 8.557881 13.55218
14.99873 14.99873 8.204163 12.48046
14.99873 14.99873 8.204163 12.48046
14.99873 14.99873 7.845164 11.76775
14.99873 14.99873 7.486166 11.05503
14.99873 14.99873 7.486166 11.05503
14.99873 14.99873 7.132447 10.34231
14.99873 14.99873 7.132447 9.629596
14.99873 14.99873 7.132447 9.629596
14.99873 14.99873 7.132447 8.916879
14.99873 14.99873 7.132447 8.557881
14.99873 14.99873 7.132447 8.557881
14.99873 14.99873 7.132447 8.204163
14.99873 14.99873 7.486166 7.845164
14.99873 14.99873 7.486166 7.845164
14.99873 14.99873 7.845164 7.486166
14.99873 14.99873 8.204163 7.486166
14.99873 14.99873 8.204163 7.486166
14.99873 14.99873 8.916879 7.486166
14.99873 14.99873 10.34231 7.486166
14.99873 14.99873 10.34231 7.486166
14.99873 14.99873 11.41403 7.486166
14.99873 14.99873 12.48046 7.486166
14.99873 14.99873 12.48046 7.486166
14.99873 14.99873 13.55218 7.845164
14.99873 14.99873 14.97761 8.557881
14.99873 14.99873 14.97761 8.557881
14.99873 14.99873 15.69033 9.270597
14.99873 14.99873 17.12104 10.34231
14.99873 14.99873 17.12104 10.34231
14.99873 14.99873 18.18748 11.76775
14.99873 14.99873 19.25919 12.83946
14.99873 14.99873 19.25919 12.83946
14.99873 14.99873 19.97191 13.91118
14.99873 14.99873 20.68463 15.33661
14.99873 14.99873 20.68463 15.33661
14.99873 14.99873 21.40262 16.40833
14.99873 14.99873 21.40262 17.47476
14.99873 14.99873 21.40262 17.47476
14.99873 14.99873 21.75634 18.54647
14.99873 14.99873 21.75634 19.61819
14.99873 14.99873 21.75634 19.61819
14.99873 14.99873 21.75634 20.33091
14.99873 14.99873 21.75634 21.04362
14.99873 14.99873 21.75634 21.04362
14.99873 14.99873 21.75634 21.40262
14.99873 14.99873 21.40262 21.40262
14.99873 14.99873 21.40262 21.40262
14.99873 14.99873 21.40262 21.75634
14.99873 14.99873 21.40262 21.75634
14.99873 14.99873 21.40262 21.75634
14.99873 14.99873 21.04362 21.75634
14.99873 14.99873 20.33091 21.40262
14.99873 14.99873 20.33091 21.40262
14.99873 14.99873 19.61819 21.40262
14.99873 14.99873 18.90547 21.40262
14.99873 14.99873 18.90547 21.40262
14.99873 14.99873 17.83376 21.04362
14.99873 14.99873 16.76204 21.04362
14.99873 14.99873 16.76204 21.04362
14.99873 14.99873 16.04933 20.33091
14.99873 14.99873 14.97761 19.97191
14.99873 14.99873 14.97761 19.97191
14.99873 14.99873 13.91118 18.90547
14.99873 14.99873 13.19846 18.18748
14.99873 14.99873 13.19846 18.18748
14.99873 14.99873 12.12674 17.12104
14.99873 14.99873 11.05503 16.04933
14.99873 14.99873 11.05503 16.04933
14.99873 14.99873 10.34231 14.97761
14.99873 14.99873 9.629596 13.91118
14.99873 14.99873 9.629596 13.91118
14.99873 14.99873 8.916879 13.19846
14.99873 14.99873 8.557881 12.12674
14.99873 14.99873 8.557881 12.12674
14.99873 14.99873 7.845164 11.41403
14.99873 14.99873 7.845164 10.70131
14.99873 14.99873 7.845164 10.70131
14.99873 14.99873 7.486166 9.983315
14.99873 14.99873 7.132447 9.270597
14.99873 14.99873 7.132447 9.270597
14.99873 14.99873 7.132447 8.557881
14.99873 14.99873 7.132447 8.204163
14.99873 14.99873 7.132447 8.204163
14.99873 14.99873 7.132447 7.845164
14.99873 14.99873 7.132447 7.845164
14.99873 14.99873 7.132447 7.845164
14.99873 14.99873 7.486166 7.845164
14.99873 14.99873 7.845164 7.486166
14.99873 14.99873 7.845164 7.486166
14.99873 14.99873 8.557881 7.486166
14.99873 14.99873 9.270597 7.486166
14.99873 14.99873 9.270597 7.486166
14.99873 14.99873 10.70131 7.845164
14.99873 14.99873 11.76775 8.204163
14.99873 14.99873 11.76775 8.204163
14.99873 14.99873 12.83946 8.557881
14.99873 14.99873 13.91118 9.270597
14.99873 14.99873 13.91118 9.270597
14.99873 14.99873 14.97761 10.34231
14.99873 14.99873 16.04933 11.41403
14.99873 14.99873 16.04933 11.41403
14.99873 14.99873 17.47476 12.48046
14.99873 14.99873 18.18748 13.91118
14.99873 14.99873 18.18748 13.91118
14.99873 14.99873 19.25919 14.97761
14.99873 14.99873 19.97191 16.04933
14.99873 14.99873 19.97191 16.04933
14.99873 14.99873 20.68463 17.12104
14.99873 14.99873 21.04362 18.18748
14.99873 14.99873 21.04362 18.18748
14.99873 14.99873 21.04362 19.25919
14.99873 14.99873 21.04362 19.97191
14.99873 14.99873 21.04362 19.97191
14.99873 14.99873 21.04362 20.68463
14.99873 14.99873 21.04362 21.04362
14.99873 14.99873 21.04362 21.04362
14.99873 14.99873 21.04362 21.04362
14.99873 14.99873 21.04362 21.04362
14.99873 14.99873 21.04362 21.04362
14.99873 14.99873 20.68463 21.04362
14.99873 14.99873 20.68463 21.04362
14.99873 14.99873 20.68463 21.04362
14.99873 14.99873 20.33091 21.04362
14.99873 14.99873 19.61819 21.04362
14.99873 14.99873 19.61819 21.04362
14.99873 14.99873 18.90547 20.68463
14.99873 14.99873 18.18748 20.68463
14.99873 14.99873 18.18748 20.68463
14.99873 14.99873 17.12104 20.33091
14.99873 14.99873 16.04933 19.61819
14.99873 14.99873 16.04933 19.61819
14.99873 14.99873 15.33661 18.90547
14.99873 14.99873 14.26489 18.18748
14.99873 14.99873 14.26489 18.18748
14.99873 14.99873 13.19846 17.12104
14.99873 14.99873 12.48046 16.04933
14.99873 14.99873 12.48046 16.04933
14.99873 14.99873 11.41403 15.33661
14.99873 14.99873 10.70131 14.26489
14.99873 14.99873 10.70131 14.26489
14.99873 14.99873 9.983315 13.19846
14.99873 14.99873 8.916879 12.48046
14.99873 14.99873 8.916879 12.48046
14.99873 14.99873 8.557881 11.41403
14.99873 14.99873 7.845164 10.70131
14.99873 14.99873 7.845164 10.70131
14.99873 14.99873 7.486166 9.629596
14.99873 14.99873 7.132447 9.270597
14.99873 14.99873 7.132447 9.270597
14.99873 14.99873 6.773449 8.557881
14.99873 14.99873 6.419731 7.845164
14.99873 14.99873 6.419731 7.845164
14.99873 14.99873 6.419731 7.486166
14.99873 14.99873 6.419731 7.132447
14.99873 14.99873 6.419731 7.132447
14.99873 14.99873 6.419731 6.773449
14.99873 14.99873 6.419731 6.419731
14.99873 14.99873 6.419731 6.419731
14.99873 14.99873 6.773449 6.419731
14.99873 14.99873 7.132447 6.419731
14.99873 14.99873 7.132447 6.419731
14.99873 14.99873 7.486166 6.419731
14.99873 14.99873 8.557881 6.419731
14.99873 14.99873 8.557881 6.419731
14.99873 14.99873 9.629596 6.419731
14.99873 14.99873 10.70131 7.132447
14.99873 14.99873 10.70131 7.132447
14.99873 14.99873 12.12674 7.486166
14.99873 14.99873 13.19846 8.204163
14.99873 14.99873 13.19846 8.204163
14.99873 14.99873 14.26489 9.270597
14.99873 14.99873 15.33661 10.70131
14.99873 14.99873 15.33661 10.70131
14.99873 14.99873 16.40833 12.12674
14.99873 14.99873 17.47476 13.19846
14.99873 14.99873 17.47476 13.19846
14.99873 14.99873 18.54647 14.26489
14.99873 14.99873 19.61819 15.33661
14.99873 14.99873 19.61819 15.33661
14.99873 14.99873 20.33091 16.40833
14.99873 14.99873 21.04362 17.47476
14.99873 14.99873 21.04362 17.47476
14.99873 14.99873 21.40262 18.54647
14.99873 14.99873 21.40262 19.61819
14.99873 14.99873 21.40262 19.61819
14.99873 14.99873 21.75634 20.68463
14.99873 14.99873 21.75634 21.04362
14.99873 14.99873 21.75634 21.04362
14.99873 14.99873 21.75634 21.40262
14.99873 14.99873 21.75634 21.75634
14.99873 14.99873 21.75634 21.75634
14.99873 14.99873 21.40262 21.75634
14.99873 14.99873 21.40262 21.75634
14.99873 14.99873 21.40262 21.75634
14.99873 14.99873 21.40262 21.75634
14.99873 14.99873 21.04362 21.75634
14.99873 14.99873 21.04362 21.75634
14.99873 14.99873 20.33091 21.75634
14.99873 14.99873 19.97191 21.75634
14.99873 14.99873 19.97191 21.75634
14.99873 14.99873 18.90547 21.40262
14.99873 14.99873 18.18748 21.04362
14.99873 14.99873 18.18748 21.04362
14.99873 14.99873 17.12104 20.68463
14.99873 14.99873 16.04933 19.97191
14.99873 14.99873 16.04933 19.97191
14.99873 14.99873 14.97761 19.25919
14.99873 14.99873 14.26489 18.18748
14.99873 14.99873 14.26489 18.18748
14.99873 14.99873 13.19846 17.47476
14.99873 14.99873 12.12674 16.40833
14.99873 14.99873 12.12674 16.40833
14.99873 14.99873 11.41403 15.33661
14.99873 14.99873 10.70131 14.26489
14.99873 14.99873 10.70131 14.26489
14.99873 14.99873 9.629596 13.19846
14.99873 14.99873 8.916879 12.48046
14.99873 14.99873 8.916879 12.48046
14.99873 14.99873 8.557881 11.41403
14.99873 14.99873 7.845164 10.70131
14.99873 14.99873 7.845164 10.70131
14.99873 14.99873 7.486166 9.983315
14.99873 14.99873 7.132447 9.270597
14.99873 14.99873 7.132447 9.270597
14.99873 14.99873 6.773449 8.557881
14.99873 14.99873 6.419731 8.204163
14.99873 14.99873 6.419731 8.204163
14.99873 14.99873 6.419731 7.486166
14.99873 14.99873 6.419731 7.132447
14.99873 14.99873 6.419731 7.132447
14.99873 14.99873 6.419731 6.773449
14.99873 14.99873 6.419731 6.773449
14.99873 14.99873 6.419731 6.773449
14.99873 14.99873 6.419731 6.419731
14.99873 14.99873 7.132447 6.419731
14.99873 14.99873 7.132447 6.419731
14.99873 14.99873 7.486166 6.419731
14.99873 14.99873 8.204163 6.419731
14.99873 14.99873 8.204163 6.419731
14.99873 14.99873 9.629596 6.773449
14.99873 14.99873 10.70131 7.132447
14.99873 14.99873 10.70131 7.132447
14.99873 14.99873 11.76775 7.845164
14.99873 14.99873 13.19846 8.557881
14.99873 14.99873 13.19846 8.557881
14.99873 14.99873 14.26489 9.629596
14.99873 14.99873 15.33661 11.05503
14.99873 14.99873 15.33661 11.05503
14.99873 14.99873 16.40833 12.12674
14.99873 14.99873 17.47476 13.19846
14.99873 14.99873 17.47476 13.19846
14.99873 14.99873 18.54647 14.62389
14.99873 14.99873 19.61819 15.69033
14.99873 14.99873 19.61819 15.69033
14.99873 14.99873 20.33091 16.76204
14.99873 14.99873 21.04362 17.83376
14.99873 14.99873 21.04362 17.83376
14.99873 14.99873 21.40262 18.90547
14.99873 14.99873 21.40262 19.97191
14.99873 14.99873 21.40262 19.97191
14.99873 14.99873 21.40262 20.68463
14.99873 14.99873 21.40262 21.40262
14.99873 14.99873 21.40262 21.40262
14.99873 14.99873 21.40262 21.75634
14.99873 14.99873 21.40262 21.75634
14.99873 14.99873 21.40262 21.75634
14.99873 14.99873 21.40262 22.11534
14.99873 14.99873 21.40262 22.11534
